104,109,110,48,113,114,52,118,88,125,


101,6,103,104,48,50,51,87,88,91,62,63,
103,104,105,106,107,108,109,110,111,112,113,114,115,116,117,118,119,120,121,122,123,124,125,
1,2,3,4,5,6,7,8,9,10,11,12,13,14,15,16,17,18,19,20,21,22,23,24,25,26,27,

25,26,27,
33,74,107,75,112,81,82,83,115,87,95,
83,84,85,86,87,92,93,96,97,98,99,101,106,107,108,109,112,114,115,118,119,125,
0,1,

96,97,98,75,107,108,110,114,115,117,87,
96,97,98,99,100,101,109,110,111,81,114,115,93,117,82,88,92,125,94,95,
32,34,35,36,37,38,9,41,11,12,44,43,19,20,21,22,24,25,26,31,
48,49,47,
48,49,47,
99,106,107,108,109,115,85,117,87,86,
97,98,99,100,121,106,107,108,112,82,83,114,117,86,87,115,118,119,93,94,
96,97,99,100,75,109,110,82,114,117,118,94,95,
96,97,98,99,100,101,106,107,108,112,82,115,114,117,86,92,93,94,95,
98,99,100,74,75,80,115,84,83,86,118,124,93,94,95,
96,97,99,100,106,108,109,110,111,82,83,93,117,87,119,115,118,114,92,125,94,
96,97,99,101,109,110,111,112,115,83,85,118,119,87,123,120,93,94,95,
97,98,99,100,106,107,108,109,82,83,84,114,118,119,115,86,92,125,
111,114,119,54,86,94,
33,35,38,41,10,43,12,44,46,11,9,45,18,19,20,22,24,25,30,31,
48,49,47,
108,111,47,82,119,55,54,118,87,95,
97,74,107,109,110,112,115,117,54,86,120,94,
97,33,74,54,119,94,95,
32,33,35,37,38,40,9,42,43,12,45,11,47,48,20,22,24,25,26,30,
96,99,74,107,109,112,114,53,86,119,117,94,
32,34,37,40,9,42,11,45,47,48,18,19,21,22,24,26,29,31,
48,49,47,
103,106,111,82,51,87,121,90,123,124,
97,105,107,110,82,87,121,90,123,
65,4,44,21,87,123,124,
97,103,105,110,111,51,87,121,122,
97,37,87,15,
3,107,109,110,111,112,15,114,26,124,
38,80,18,19,51,21,90,
4,5,103,109,110,80,18,115,82,121,122,
97,109,51,21,15,
107,44,109,120,25,26,123,
102,103,104,105,109,79,80,112,82,115,113,81,114,87,120,83,90,91,
80,18,19,115,21,22,26,27,
97,102,108,109,110,111,80,112,22,24,
70,41,76,77,48,50,51,19,21,54,87,
33,34,43,44,45,46,78,89,90,92,30,
